Generation 1 statistics:
+-------------+-----------+
| Statistic   |     Value |
+=============+===========+
| Min         | 0.193333  |
+-------------+-----------+
| Max         | 0.253333  |
+-------------+-----------+
| Avg         | 0.226267  |
+-------------+-----------+
| Std         | 0.0130237 |
+-------------+-----------+

Generation 2 statistics:
+-------------+-----------+
| Statistic   |     Value |
+=============+===========+
| Min         | 0.22      |
+-------------+-----------+
| Max         | 0.266667  |
+-------------+-----------+
| Avg         | 0.241467  |
+-------------+-----------+
| Std         | 0.0104384 |
+-------------+-----------+

Generation 3 statistics:
+-------------+------------+
| Statistic   |      Value |
+=============+============+
| Min         | 0.24       |
+-------------+------------+
| Max         | 0.266667   |
+-------------+------------+
| Avg         | 0.254      |
+-------------+------------+
| Std         | 0.00906765 |
+-------------+------------+

Generation 4 statistics:
+-------------+------------+
| Statistic   |      Value |
+=============+============+
| Min         | 0.233333   |
+-------------+------------+
| Max         | 0.273333   |
+-------------+------------+
| Avg         | 0.261467   |
+-------------+------------+
| Std         | 0.00825052 |
+-------------+------------+

Generation 5 statistics:
+-------------+------------+
| Statistic   |      Value |
+=============+============+
| Min         | 0.26       |
+-------------+------------+
| Max         | 0.273333   |
+-------------+------------+
| Avg         | 0.268667   |
+-------------+------------+
| Std         | 0.00426875 |
+-------------+------------+

Generation 6 statistics:
+-------------+------------+
| Statistic   |      Value |
+=============+============+
| Min         | 0.266667   |
+-------------+------------+
| Max         | 0.273333   |
+-------------+------------+
| Avg         | 0.272267   |
+-------------+------------+
| Std         | 0.00244404 |
+-------------+------------+

Generation 7 statistics:
+-------------+------------+
| Statistic   |      Value |
+=============+============+
| Min         | 0.273333   |
+-------------+------------+
| Max         | 0.286667   |
+-------------+------------+
| Avg         | 0.274533   |
+-------------+------------+
| Std         | 0.00344867 |
+-------------+------------+

Generation 8 statistics:
+-------------+------------+
| Statistic   |      Value |
+=============+============+
| Min         | 0.273333   |
+-------------+------------+
| Max         | 0.286667   |
+-------------+------------+
| Avg         | 0.276667   |
+-------------+------------+
| Std         | 0.00485341 |
+-------------+------------+

Generation 9 statistics:
+-------------+------------+
| Statistic   |      Value |
+=============+============+
| Min         | 0.28       |
+-------------+------------+
| Max         | 0.286667   |
+-------------+------------+
| Avg         | 0.284933   |
+-------------+------------+
| Std         | 0.00292423 |
+-------------+------------+

Generation 10 statistics:
+-------------+------------+
| Statistic   |      Value |
+=============+============+
| Min         | 0.28       |
+-------------+------------+
| Max         | 0.3        |
+-------------+------------+
| Avg         | 0.287333   |
+-------------+------------+
| Std         | 0.00333333 |
+-------------+------------+

Best individual: [1, 1, 1, 1, 1, 1, 1, 0, 0, 0, 1, 1, 0, 1, 0, 1, 0, 1, 1, 0, 0, 0, 1, 0, 1, 0, 1, 0, 1, 1, 0, 0, 1, 0, 0, 0, 0, 0, 1, 1, 0, 1, 1, 0, 1, 1, 0, 0, 0, 1, 0,
 1, 1, 0, 1, 1, 1, 1, 1, 0, 0, 0, 0, 1, 1, 1, 0, 0, 0, 0, 1, 0, 0, 1, 1, 1, 0, 0, 1, 0, 1, 0, 0, 1, 0, 1, 0, 1, 0, 1, 0, 0, 1, 0, 0, 1, 0, 1, 0, 0, 0, 0, 0, 1, 1, 0, 1, 1, 
 1, 0, 0, 1, 0, 0, 1, 0, 0, 0, 0, 1, 0, 1, 0, 1, 0, 0, 1, 0, 1, 1, 0, 1, 1, 1, 1, 1, 1, 1, 1, 0, 1, 0, 0, 0, 0, 0, 1, 0, 1, 0, 1, 1, 0, 0, 0, 0, 0, 1, 0, 1, 1, 1, 1, 0, 1,
  0, 1, 1, 0, 0, 0, 1, 0, 0, 0, 1, 1, 0, 1, 1, 0, 0, 0, 1, 0, 1, 1, 0, 1, 1, 1, 0, 0, 1, 1, 1, 1, 1, 0, 1, 0, 1, 0, 1, 1, 0, 1, 1, 0, 1, 1, 0, 0, 0, 1, 1, 0, 1, 1, 0, 0, 1,
   0, 0, 1, 0, 1, 0, 1, 0, 1, 1, 0, 0, 1, 1, 1, 0, 1, 1, 1, 1, 1, 0, 0, 1, 1, 0, 1, 0, 0, 1, 0, 0, 0, 1, 1, 1, 1, 1, 1, 0, 1, 0, 0, 1, 1, 0, 0, 0, 0, 1, 0, 1, 0, 0, 0, 0, 1,
    0, 1, 1, 0, 0, 1, 0, 0, 0, 0, 0, 0, 0, 0, 0, 1, 0, 1, 0, 1, 1, 1, 0, 1, 0, 1, 0, 1, 1, 0, 1, 1, 0, 1, 0, 1, 1, 1, 1, 1, 0, 1, 0, 0, 1, 0, 1, 1, 1, 0, 1, 1, 1, 1, 1, 0, 0,
     1, 1, 1, 0, 1, 1, 1, 1, 1, 1, 0, 0, 0, 0, 1, 1, 0, 1, 1, 1, 0, 0, 0, 0, 0, 0, 0, 0, 0, 1, 0, 0, 0, 1, 1, 0, 0, 0, 0, 0, 1, 0, 0, 1, 0, 1, 0, 0, 1, 0, 1, 0, 0, 1, 1, 1, 0, 0, 1, 1, 0, 0, 0, 0, 0, 0, 0, 1, 0, 0, 1, 0, 0, 1, 1, 1, 1, 0, 0, 0, 1, 0, 1, 1, 1, 1, 1, 0, 0, 1, 1, 0, 1, 0, 1, 0, 1, 1, 0, 1, 1, 0, 0, 0, 1, 1, 1, 0, 0, 0, 1, 0, 1, 1, 0, 0, 1, 1, 0, 1, 0, 0, 1, 0, 1, 0, 0, 1, 1, 1, 0, 0, 1, 0, 1, 1, 1, 0, 0, 1, 1, 1, 0, 1, 0, 0, 0, 0, 0, 0, 1, 1, 1, 0, 1, 0, 1, 1, 1, 0, 0, 1, 1, 0, 0, 0, 0, 1, 1, 1, 1, 0, 1, 1, 1, 0, 0, 0, 0, 0, 0, 1, 1, 0, 1, 0, 0, 1, 0, 0, 0, 0, 1, 1, 0, 0, 0, 1, 1, 1, 0, 0, 0, 1, 1, 1, 1, 1, 1, 0, 0, 1, 1, 0, 1, 1, 0, 1, 0, 0, 1, 0, 0, 1, 1, 1, 1, 0, 1, 1, 0, 1, 0, 1, 0, 0, 0, 0, 0, 1, 0, 1, 1, 1, 1, 0, 0, 1, 1, 1, 1, 0, 0, 1, 1, 1, 1, 1, 1, 1, 0, 0, 0, 1, 1, 0, 1, 0, 0, 0, 1, 0, 1, 1, 0, 1, 0, 1, 0, 1, 1, 1, 1, 0, 0, 1, 0, 0, 1, 1, 1, 1, 0, 0, 0, 1, 1, 0, 1, 0, 1, 0, 0, 0, 0, 1, 0, 1, 0, 1, 1, 0, 0, 1, 1, 1, 0, 0, 1, 0, 0, 0, 0, 0, 1, 1, 1, 1, 1, 1, 1, 0, 0, 0, 0, 0, 0, 1, 1, 0, 0, 0, 1, 0, 0, 1, 0, 1, 0, 1, 0, 1, 0, 1, 1, 1, 1, 0, 0, 0, 1, 0, 0, 1, 1, 1, 1, 0, 1, 0, 1, 0, 0, 1, 0, 1, 1, 0, 1, 1, 0, 1, 0, 1, 0, 0, 0, 1, 0, 0, 1, 1, 1, 0, 0, 0, 1, 1, 0, 0, 1, 0, 1, 1, 1, 1, 0, 0, 0, 1, 1, 0, 0, 0, 0, 0, 0, 1, 0, 0, 0, 0, 1, 0, 1, 0, 1, 0, 1, 1, 0, 0, 1, 0, 0, 0, 0, 0, 0, 0, 1, 1, 1, 0, 1, 1, 0, 1, 0, 0, 1, 1, 0, 1, 1, 1, 0, 0, 0, 1, 1, 0, 0, 0, 1, 1, 0, 1, 0, 1, 1, 1, 1, 0, 0, 0, 1, 1, 1, 1, 1, 1, 0, 1, 0, 1, 1, 0, 1, 1, 0, 1, 0, 0, 1, 1, 0, 0, 1, 0, 0, 1, 1, 1, 0, 1, 1, 1, 1, 1, 0, 0, 1, 1, 1, 1, 1, 0, 1, 1, 1, 1, 1, 0, 0, 0, 1, 0, 1, 1, 1, 0, 1, 0, 1, 0, 1, 1, 1, 1, 0, 1, 1, 1, 1, 0, 1, 1, 0, 0, 0, 1, 1, 0, 1, 0, 0, 1, 0, 1, 0, 1, 1, 1, 0, 1, 0, 1, 0, 1, 0, 1, 0, 0, 0, 0, 1, 0, 1, 1, 1, 1, 0, 0, 1, 1, 0, 0, 1, 1, 0, 0, 1, 0, 1, 0, 0, 1, 0, 1, 0, 1, 0, 1, 0, 0, 0, 1, 1, 0, 0, 0, 0, 0, 0, 0, 1, 0, 1, 0, 0, 1, 1, 0, 0, 1, 0, 1, 1, 0, 0, 0, 0, 1, 1, 0, 0, 1, 0, 1, 0, 1, 0, 0, 0, 1, 0, 0, 1, 1, 1, 1, 1, 1, 1, 1, 1, 1, 0, 1, 0, 0, 1, 0]
Time taken: 32.299519538879395
